0.00000 300.60500 240.31300 23.70110 272.90900 235.45700 262.26400 86.64730 271.78600 258.36600 301.63200 113.78600 39.51070 150.47300 88.50400 93.65730 234.66500 217.09300 161.87600 120.79600 367.98100 283.45900 421.04400 318.02600 463.75500 196.54000 134.89800 244.30000 177.10500 351.22900 206.77300 186.19900 186.14300 307.02800 284.17900 262.60500 252.41900 368.29800 214.62500 284.73200 350.99600 199.03700 199.56300 301.30500 227.88000 302.78600 52.26140 448.94000 261.65700 101.34500 308.08800 256.07300 316.90300 50.28520 327.95000 102.87900 389.88900 231.27500 264.20700 132.21800 219.69300 249.59500 317.52000 234.67900 318.28900 200.00200 268.94000 108.23800 184.18300 342.47300 241.44600 184.41400 163.98300 169.50500 149.15500 150.06000 66.58840 334.52500 143.07600 403.84200 103.95500 351.25700 180.85100 192.90700 122.96900 94.68420 206.45500 83.33780 270.26600 275.11200 265.84100 93.54380 135.87400 144.75600 116.57000 261.67300 300.30000 70.62920 169.18900 217.70600 127.49400 431.62000 258.05900 127.08000 217.08500 40.21740 23.44320 125.11800 205.75200 155.11900 308.26700 164.39300 129.52500 92.33160 195.47200 154.84800 96.69290 136.59600 40.51910 147.08400 379.37900 96.13220 305.99700 291.58800 189.95200 246.37000 406.56800 144.80100 222.44900 363.43100 228.17000 240.64500 329.21900 262.30500 283.38900 229.81800 306.56600 249.26900 158.77300 96.67000 385.71600 296.25900 284.93800 333.20300 167.54200 181.21400 344.41900 173.07800 151.17800 215.86900 379.11300 225.67500 154.63400 196.90200 126.06400 271.54600 78.83260 196.57800 330.87100 310.45500 289.79200 427.64400 205.67400 329.19700 167.07100 394.12900 151.04200 81.57740 157.00500 236.15000 377.83600 352.61200 117.30600 240.71900 286.15600 359.99900 259.06100 91.47320 299.26000 319.35800 194.85200 257.64400 267.38600 124.17800 158.15000 54.32330 279.54900 188.27600 181.57200 298.37500 293.06300 280.30100 232.22000 240.68200 240.53000 142.52900 131.88000 202.73400 45.53200 237.26100
300.60500 0.00000 471.73300 292.76200 491.15100 438.21500 356.83800 356.57900 426.77400 44.74770 255.77000 413.81900 276.67400 398.69900 323.47800 336.63500 273.03400 109.81500 296.01700 406.74100 457.22900 531.45300 456.98700 305.80000 453.24500 305.34100 196.93200 472.08700 364.15800 267.28500 139.45900 386.31000 364.55400 212.46600 323.00100 116.97300 420.40500 413.00100 228.51300 536.17200 148.32800 264.72400 111.16200 386.92500 173.19500 422.63400 249.60700 438.74100 356.85900 389.14500 323.16700 427.13200 500.34900 282.08300 470.30200 403.39100 457.82400 157.15900 148.75300 420.63900 358.48300 159.53400 283.29800 253.71200 528.40300 338.85100 67.74390 358.12600 313.07200 347.41700 366.16200 175.62700 242.35700 316.22400 449.52700 319.52900 290.52400 60.27650 275.69800 347.40100 340.97600 271.46100 347.25100 468.77900 294.20400 243.24300 500.21600 326.65700 63.46570 512.04600 489.02900 376.91600 164.97000 205.38600 402.29600 497.05100 341.99000 256.11900 136.03600 483.68000 182.43200 441.17400 164.98000 421.11500 376.34100 334.12700 280.10700 408.85800 118.27500 399.01400 188.98800 411.08200 417.36100 379.11200 468.22400 282.36500 225.64600 201.66700 270.28500 403.48200 378.79400 316.15700 375.96500 73.44480 111.39400 55.06710 415.33900 228.41200 200.73000 260.31700 84.05020 471.77400 461.29000 338.94400 78.52940 371.41600 409.98700 399.45300 436.67100 282.33900 416.17600 27.17590 486.84700 584.11600 142.90600 372.48000 265.88800 396.42900 154.49500 323.22000 440.54600 81.77180 196.01700 148.56600 311.31100 31.49350 361.53800 106.46100 568.31700 207.39300 151.09100 413.93800 485.91000 29.75370 271.69700 446.72600 429.23000 229.44100 422.51800 175.15700 342.01900 366.34900 240.79500 62.65010 161.26000 418.61900 528.12700 230.95300 379.42300 293.11500 467.94600 101.47300 329.67500 422.25100 274.20100 328.90600 452.66800 371.54100 330.57900 175.96600 141.39300 94.82330 203.39400 480.74800 442.75100 377.60500 292.68000 117.59200 334.52200 94.48220
240.31300 471.73300 0.00000 226.65700 35.69640 49.72700 183.87700 153.87600 113.81200 427.47500 317.66700 192.92800 279.37400 338.91800 163.51900 313.07900 241.70200 363.05500 179.44600 273.82800 221.09000 62.58180 300.88500 294.51600 368.31700 184.20500 276.32900 6.72498 109.80400 364.39800 335.89200 396.67100 406.99600 355.82600 241.36300 380.68300 96.50130 263.30100 267.38600 69.31820 446.29000 225.93700 361.40000 198.08200 319.59500 161.63100 278.29500 358.17700 183.20400 155.08300 267.88900 92.15150 98.19980 217.18200 146.83400 212.08600 253.40900 333.45700 361.31200 271.50600 141.21600 343.35000 312.71000 258.99600 80.08020 149.83100 414.69900 133.65600 169.65200 288.01700 151.94900 299.11700 403.86300 160.47700 217.59300 382.21100 304.88600 479.44000 382.69600 369.07300 144.16500 361.24600 407.39000 93.68780 178.03300 235.81500 155.41100 307.48900 467.00400 40.31400 26.66230 154.71800 335.07400 378.67600 142.94800 25.32160 241.51000 309.43400 372.26700 68.65940 298.20400 330.34300 345.64300 158.43900 117.40500 246.81300 242.70200 279.72700 353.73500 85.54610 373.52200 75.93790 140.65000 159.33400 85.96250 191.73100 329.91400 368.43800 238.13300 328.72800 309.35400 326.26600 215.22100 428.27900 380.77700 427.73600 315.89000 383.19800 295.01700 384.42200 425.20700 0.54449 158.33300 202.67500 418.82800 134.57800 180.62400 120.00300 108.00100 335.74100 285.19400 455.63700 59.22960 113.55500 376.96200 397.59300 357.36900 76.50730 358.90700 177.85000 253.36800 390.43800 275.79500 418.59000 161.09300 451.00400 165.46400 390.35900 97.31510 362.94200 381.02700 347.62300 105.05100 501.13700 407.04800 269.86300 300.07100 261.46700 322.65000 323.16200 338.47600 284.32600 356.45300 410.32700 371.16800 246.28800 89.63480 252.05800 203.26400 306.70600 86.84670 387.11000 217.22700 176.46500 397.94000 272.96000 92.08250 406.53500 149.41500 372.64600 390.12300 407.19000 299.02300 16.43670 48.99520 102.13600 369.34900 411.28100 196.52100 381.20900
23.70110 292.76200 226.65700 0.00000 258.05200 217.98700 238.94500 75.84820 251.05600 249.46800 279.22400 121.98500 54.84210 173.91900 68.59410 117.22200 211.26700 203.52900 138.24800 140.88500 345.40200 273.30100 397.58900 294.66600 440.05400 172.89900 117.10100 230.18900 156.43000 329.19500 190.64000 209.64200 208.87600 286.23800 260.48800 246.67400 232.20900 344.78400 192.41100 275.22600 334.27100 175.63600 187.95900 278.11800 208.54600 280.69200 53.51180 425.23900 238.34500 99.14720 284.46300 236.16200 299.04700 26.73280 307.27700 114.68100 366.87700 212.96200 246.20500 151.39800 197.16000 230.97200 294.58500 211.71600 303.16700 177.10200 256.59900 93.06530 160.72900 318.81900 218.72400 165.83900 177.72300 146.27900 160.74600 171.29200 86.79000 323.14800 160.61900 380.66100 85.75540 329.09700 202.91100 187.80400 99.46480 73.53740 208.74800 106.72000 267.07000 262.95900 251.50800 88.81410 130.12100 152.97000 113.67800 249.04400 276.60100 83.15240 165.67000 210.28600 114.29800 407.95500 239.10100 129.04500 195.54000 61.47570 16.35800 145.58700 192.13900 141.11800 288.53300 151.29700 127.93700 89.32820 189.47500 131.14700 104.02600 143.48500 23.09870 170.21200 355.69300 118.54900 282.55000 278.45500 183.85500 239.51700 382.87600 156.55000 201.54300 341.84300 224.38800 226.95100 308.00300 238.71000 269.94500 207.59700 283.91000 227.85300 153.67400 115.47300 362.10900 286.42300 268.37600 324.18100 165.85700 204.35400 322.31500 156.33400 148.52800 192.36500 355.90700 215.30800 135.42700 199.87200 103.27400 264.76600 73.13420 191.35200 319.57500 289.93000 271.76700 403.95700 202.18300 321.87400 183.84800 370.83000 171.97200 66.35830 179.35800 216.64200 354.46600 328.91400 130.01600 231.54800 267.54100 336.64900 253.02900 73.08210 275.94500 296.23400 188.94400 242.92700 243.70300 129.50300 175.31700 77.94550 260.23200 211.23300 158.68700 279.13100 275.61800 265.74400 211.17700 228.41600 223.12000 126.34000 151.34000 201.51700 42.24650 223.95600
272.90900 491.15100 35.69640 258.05200 0.00000 53.63330 180.62300 187.06300 101.39700 447.41500 320.02200 228.60500 311.58800 374.57700 192.74700 347.90200 247.98500 381.62600 195.59600 309.52400 199.26400 64.89710 280.69100 291.75600 350.28500 194.24900 298.26000 29.96150 127.05200 364.16300 353.32600 432.13100 442.14100 361.33700 238.99300 395.00400 89.72520 247.61100 278.53300 73.40440 455.54700 237.02200 382.03400 187.64900 332.88500 146.18000 308.62900 341.21900 180.02800 190.38900 263.94600 83.65970 65.74860 246.64300 121.99900 247.78100 232.06900 347.48600 373.47900 307.14800 145.63100 355.79700 312.01500 266.52600 45.45960 158.89700 431.76600 165.11300 181.87000 280.28600 151.32100 316.50900 435.72200 175.65000 252.63300 416.56100 338.18500 495.00600 415.77100 361.04400 173.71300 360.64300 442.23900 127.19600 200.44900 260.77700 186.49600 342.04600 490.20100 37.30480 10.02290 189.48800 360.99400 408.81300 178.49700 31.72320 236.15100 341.15200 397.83800 99.49060 322.20600 312.47000 357.14300 194.09300 122.64700 281.23900 273.83900 315.42000 372.87700 117.83900 380.72800 109.38600 176.34600 194.31400 119.53400 208.92000 360.33300 398.25000 268.01600 364.41200 297.78700 360.56700 205.79600 443.77800 404.58300 449.34800 300.40300 414.44700 307.06500 384.63700 449.03900 35.21140 135.27500 200.97500 434.39000 136.27300 166.79800 115.54700 143.55700 368.94700 269.24600 473.68300 28.36140 105.52200 403.29200 432.88700 357.38500 103.31100 385.33900 183.99900 234.15100 410.63900 295.40100 446.19000 184.08600 471.94300 199.61600 414.35600 79.90180 368.70200 391.65000 332.81900 136.47900 520.22600 439.94500 250.14900 335.68200 288.28300 358.32600 335.63200 330.87100 274.32800 388.06800 430.69700 381.27800 229.85500 109.12700 277.64200 193.88400 305.05900 120.45000 402.75400 215.77000 212.08000 430.94400 307.42900 73.54820 441.78400 162.49800 381.18000 401.24800 421.89800 310.01600 45.45770 49.70140 131.94300 402.97900 436.96100 229.91700 398.94900
235.45700 438.21500 49.72700 217.98700 53.63330 0.00000 134.26900 153.49100 66.97360 394.68500 269.88000 212.28400 272.65200 352.16000 150.07400 317.68500 195.78400 328.55100 142.32400 290.38000 178.34600 109.28000 255.89500 245.14800 321.57000 140.84600 246.75000 45.43270 74.87930 315.72900 300.01600 405.99900 413.17900 309.65000 191.99500 341.37000 47.62250 215.77100 225.08400 116.87500 402.62600 183.53700 329.65900 148.96900 279.26700 115.11100 265.85600 310.88000 133.60400 166.76300 218.31300 44.25600 81.54560 203.18500 109.95600 229.07000 209.77100 293.85200 319.96000 290.42700 93.78870 302.24300 263.84500 213.91700 91.54020 105.56500 378.33600 127.87900 128.24100 238.32000 102.68600 263.23300 395.01800 122.26100 243.57200 383.44300 301.91800 441.40000 378.21700 319.36600 132.23200 312.46300 411.40900 130.25200 149.98200 211.68600 194.62500 310.51000 438.93700 83.02940 53.85840 162.25300 312.14200 364.98600 158.03900 70.09830 191.80000 300.77800 348.52600 111.87000 271.93300 283.64800 303.70100 179.61200 70.22320 249.89600 232.99700 296.45900 319.97800 86.51940 328.38900 82.82110 160.46200 168.12800 122.87900 155.85100 317.27400 353.95400 224.93900 343.02100 260.18500 327.68700 165.82000 390.17700 353.88100 397.29700 268.03000 372.58800 253.52600 335.91500 398.25100 49.37140 118.61400 153.35900 380.79400 85.88720 132.89900 70.30640 133.50100 332.11500 237.67500 420.41000 51.82240 156.47400 354.65900 405.13700 308.77100 62.65590 336.87600 131.63700 208.03800 358.04700 242.81500 398.73700 134.30900 419.56500 169.05400 363.76000 133.26200 316.91600 338.37600 299.38300 145.35000 467.17600 401.75400 224.74900 319.26700 240.79500 339.92100 282.06800 288.75900 234.88200 347.11700 378.14200 328.10300 199.25600 138.89600 228.98000 153.89200 257.58600 123.61500 349.17100 167.99900 197.89000 393.09800 275.89400 52.95560 413.60500 108.89200 328.40900 347.88900 368.26700 256.61800 65.88330 5.17480 93.35850 367.23000 387.62200 195.66900 345.66200
262.26400 356.83800 183.87700 238.94500 180.62300 134.26900 0.00000 211.24700 83.75570 318.11500 142.11000 294.66400 288.28700 407.55600 180.59800 355.83000 84.47770 251.00600 102.43000 358.29000 112.88700 242.56900 159.11900 111.26200 209.40300 69.85560 198.43500 179.68900 107.49100 183.76700 220.27400 448.45100 447.45000 187.58300 58.36990 245.00100 90.90000 107.16100 128.36800 250.48700 287.44200 96.61220 261.83000 39.86700 184.06400 65.82600 267.28300 195.97600 0.75136 243.40900 84.04920 97.11050 158.26200 213.95300 114.56800 304.69600 129.19800 200.14000 217.10500 363.33800 52.27540 201.67600 131.59700 104.45500 200.23600 64.49840 290.41600 184.92200 78.49020 106.21000 33.13930 188.27800 391.37300 92.81090 334.66500 407.36000 323.14600 344.67900 387.72900 186.53600 174.41700 180.14000 440.38400 249.15000 139.65400 190.27500 311.74800 345.59500 375.22800 215.37200 184.53700 232.53200 275.57900 350.34200 242.50100 203.66900 58.12110 307.27900 305.33100 239.28600 230.38300 173.97700 199.59400 270.03000 71.89190 293.06600 247.99000 364.19500 245.95900 175.57900 209.92700 181.27100 252.03800 239.23800 243.00900 113.21800 310.71200 338.09400 232.39800 401.50700 133.92600 357.03200 44.59480 295.43700 300.05200 328.41700 151.75600 365.93900 156.30700 204.36800 340.64100 183.54500 104.55400 21.36690 286.78600 51.92110 54.97110 65.14300 238.48000 348.19600 126.38600 334.15200 161.93500 286.03400 315.36500 443.28500 177.10800 148.53800 300.24600 47.88940 117.15200 285.43100 182.78300 363.13900 136.96700 346.02800 230.01400 310.00900 257.76100 195.23000 229.33200 178.93700 267.21400 383.08200 407.23000 131.88500 390.40400 223.10900 405.32300 183.34500 155.81800 106.59500 346.40700 304.72300 217.93700 97.74700 271.92200 206.46600 36.99980 124.44200 243.49900 257.41300 35.81680 285.98600 400.44200 314.96000 114.58400 450.04700 82.29540 213.53700 239.99600 271.72800 154.85800 199.75700 135.76500 163.57400 383.86800 341.23000 240.49700 262.89100
86.64730 356.57900 153.87600 75.84820 187.06300 153.49100 211.24700 0.00000 199.38100 312.13300 289.86800 86.80380 126.00200 203.18300 41.28840 164.23200 212.07700 257.59700 127.46400 147.93600 305.01000 197.68000 368.25600 292.19900 420.38900 158.36100 164.78800 158.06200 108.89800 341.64400 238.07100 253.60400 259.79500 309.10800 248.18300 292.45900 178.26100 317.84100 209.53400 199.44300 375.01400 179.24800 247.05100 246.68400 242.72900 237.38100 129.30100 406.61600 210.53600 39.09360 275.30200 180.64100 234.81800 75.65810 254.18700 93.85560 330.89900 251.42000 284.49900 152.20900 161.29100 267.27700 298.75900 219.50900 232.52000 146.96900 312.05000 27.90880 141.56700 307.22200 183.66900 206.08800 250.58800 124.37000 129.30100 230.49400 151.13800 379.58300 228.84900 378.99800 37.54630 340.43500 257.94000 114.04900 93.04480 115.58900 146.34100 157.04800 337.50700 188.49900 179.67000 25.38870 200.11300 228.61500 47.96360 175.02600 260.19800 156.64900 237.02200 134.75300 174.14800 385.22400 273.56200 73.15980 151.20200 96.41440 92.19980 153.95300 246.53400 69.36830 317.37400 77.95220 63.09550 31.09260 114.90200 128.40800 179.70900 219.29900 92.57670 195.36500 340.97500 174.56000 255.70700 331.45000 252.04300 305.65300 362.59700 230.83600 227.65800 357.57000 294.62600 154.22100 257.97000 217.71800 322.32900 168.08900 245.67000 181.13300 80.64730 181.94000 337.58200 346.70100 200.87400 248.35000 238.73700 252.06600 334.35200 91.07460 220.92900 171.50700 322.83000 276.01600 175.76200 275.07200 83.55510 330.63900 18.79570 260.45100 244.51600 314.30400 309.07300 388.09600 130.00100 386.21900 253.17200 338.98100 179.68900 127.95200 196.26400 249.55400 350.05800 313.24900 203.61600 294.08200 302.46000 306.37400 178.03700 125.80200 246.69900 297.72800 114.44700 292.54300 226.82300 83.34110 244.07700 122.40800 201.59500 260.39000 130.16500 310.74500 315.11700 315.16800 235.83100 154.04500 158.36500 60.76880 215.94900 274.35800 42.88410 277.96200
271.78600 426.77400 113.81200 251.05600 101.39700 66.97360 83.75570 199.38100 0.00000 385.47400 225.85800 269.94100 305.32600 402.47500 183.29000 360.83700 162.27500 317.80800 139.40600 344.37300 112.61500 165.84100 188.95900 192.79300 254.85000 121.76700 248.66000 108.19400 94.69450 266.65600 287.49400 452.06600 456.13300 270.74900 141.13900 320.13200 22.03020 149.49900 201.02400 174.20100 369.45400 162.23900 324.12500 86.26950 257.66400 48.16930 292.01400 244.45300 83.29020 221.06900 164.40300 22.91270 75.84940 230.92500 56.22190 284.71700 143.32000 273.41200 294.48800 346.16200 69.16660 277.91700 214.60500 182.20000 116.53700 90.85350 362.52500 171.60600 117.13900 179.00300 61.77360 252.25500 421.73500 120.54300 304.53900 421.84100 337.75000 420.88200 410.45500 259.66300 169.33600 262.83500 452.22600 196.70700 163.21400 224.84600 261.19000 352.29300 437.17600 138.11700 107.19400 213.86000 321.92800 386.23600 214.99100 128.61500 135.98400 330.19500 355.88300 178.77600 278.12100 216.89500 277.22900 239.27200 57.89120 293.57400 264.04200 350.48000 310.96700 141.34700 292.40700 141.51100 220.03000 220.31600 189.45900 153.64700 341.24200 374.44200 252.25200 394.35300 196.87500 367.44100 104.40900 370.46100 356.03100 392.29400 202.08300 397.60800 230.12900 287.38000 399.17600 113.36100 58.59450 105.06400 361.42600 55.86320 66.85320 27.79870 196.70500 366.38300 171.39800 406.00200 79.40540 205.18900 364.04500 449.52700 260.17000 112.76500 347.20100 103.76200 141.08300 350.47700 238.72000 410.65700 151.96100 412.30800 217.13900 366.12500 175.35000 278.35400 309.12800 233.89900 212.22200 454.41600 432.58500 157.81200 374.76500 257.19200 393.68200 258.47800 229.54900 172.99300 374.34200 370.43700 298.01100 132.62000 203.24900 242.54700 92.51500 206.86400 190.16500 330.76400 119.55900 257.17700 424.61800 318.55900 30.88300 457.42000 104.59700 295.06800 319.49000 347.24100 230.67800 130.23300 65.84700 139.82400 402.34500 394.07400 238.15500 332.33500
258.36600 44.74770 427.47500 249.46800 447.41500 394.68500 318.11500 312.13300 385.47400 0.00000 227.78400 371.00200 236.52100 363.85000 278.76300 300.30700 235.42900 67.69310 252.75500 367.54300 421.62700 486.96700 427.02000 276.24700 429.11300 263.74400 152.24500 427.93300 320.36600 246.75700 98.26170 356.61400 336.53600 189.19100 288.13600 89.08870 378.26400 380.85700 189.97100 491.62200 146.65400 224.14200 66.45780 349.90000 136.84400 383.67200 208.18800 414.17800 318.08700 345.09700 291.02100 384.92600 458.31800 237.93400 430.53300 361.24400 424.34200 121.28800 120.42000 381.21600 316.75800 127.45000 255.52200 216.76900 485.22500 296.61700 42.92820 313.40200 270.60600 317.66400 325.50400 133.33200 216.87300 273.01100 407.51000 289.99400 253.03700 82.09090 246.81400 326.54800 296.23100 250.46000 319.80700 424.11600 249.74700 198.52300 456.21800 289.83600 66.67370 467.78800 445.10400 332.73800 123.83100 175.43900 358.09000 452.78400 307.67200 218.13600 99.27750 438.93200 138.01900 414.04700 134.61000 377.34000 333.90700 293.06300 237.30600 369.97900 74.95080 354.30100 168.34500 366.36900 373.19500 335.06800 423.52000 238.93200 188.84100 169.76400 226.78700 367.81100 351.01800 280.94100 340.04800 62.64550 72.38150 25.24330 387.57100 199.63600 163.47300 242.99600 60.42610 427.52400 422.13200 301.08900 62.05570 329.83600 372.05000 357.95700 392.10100 247.83900 385.76000 39.24390 443.75900 539.66100 108.44600 343.27900 244.26400 351.98400 116.96200 282.38700 407.33300 37.11370 152.03300 126.23400 266.83700 28.51940 317.43500 70.00660 524.22000 185.33300 129.51100 389.13200 441.30800 74.49880 246.19500 414.61600 391.32200 185.39300 386.12400 140.24100 317.70300 336.26600 208.18400 18.06090 137.81500 385.12900 483.37900 186.40700 342.66300 264.78700 423.24600 71.71140 292.74800 378.94600 247.37900 289.46000 410.69100 343.25600 287.63300 154.27400 121.73100 75.03450 167.47600 436.31000 399.28300 332.91300 262.01300 91.33640 290.96300 56.08000
301.63200 255.77000 317.66700 279.22400 320.02200 269.88000 142.11000 289.86800 225.85800 227.78400 0.00000 375.91400 310.88900 450.81000 249.38300 388.45900 80.35780 172.67000 164.08600 418.79500 213.19200 379.08800 201.39500 50.81340 202.68600 140.61500 180.35000 314.56900 218.17100 51.78970 148.28400 474.88100 465.64800 49.88220 86.92670 139.61600 231.19000 160.16400 87.12070 386.50400 151.67100 110.64400 194.38800 154.74600 101.58900 200.06700 280.69600 187.44700 142.56900 328.45000 73.83680 237.77700 299.94800 253.03200 249.77200 378.86600 207.07200 112.87400 107.71100 427.91600 176.46500 101.31400 27.74020 70.37100 342.26100 170.32100 189.11300 271.14000 158.27100 92.10010 168.76600 138.03800 376.24500 173.84900 418.72700 419.16400 344.35600 226.19600 387.04600 109.79700 254.31100 50.67610 453.83800 364.70700 197.02100 207.50100 421.10400 376.73500 293.59000 352.82800 322.75200 315.07300 244.66900 329.21200 333.50300 339.91100 99.95400 316.63800 259.51800 362.74400 207.34500 186.27800 93.31040 361.18500 200.27500 340.69200 280.08900 423.86900 174.15400 283.99600 75.27850 293.36400 346.71700 320.96000 360.06600 161.47200 305.63300 317.68000 262.02500 448.38700 123.35600 380.84600 138.47000 184.16000 242.17200 246.43700 159.94300 351.11600 87.74700 69.04270 270.90700 317.42600 236.71100 120.79700 177.64300 184.13800 181.31300 205.28100 344.83800 360.01500 160.97900 229.39100 303.34000 425.41300 272.23400 465.82600 44.48530 263.58100 263.40200 140.66500 189.48400 205.99300 157.35900 316.31200 206.99500 255.82400 306.13400 250.25300 398.62900 57.34230 106.79300 162.35700 383.88000 276.47500 399.84700 193.35700 450.55800 230.33800 458.53600 94.50870 92.76220 111.17300 341.02900 220.62700 95.61500 168.80400 400.93300 215.11700 146.44700 37.34520 360.32000 156.47600 106.35100 373.10700 395.86000 354.83400 256.65400 470.21900 177.22100 84.07080 117.56100 161.23400 78.09850 332.39700 272.39200 265.32900 391.09900 285.03000 301.15500 174.03000
113.78600 413.81900 192.92800 121.98500 228.60500 212.28400 294.66400 86.80380 269.94100 371.00200 375.91400 0.00000 145.23300 147.56900 126.53900 137.13700 298.73200 324.99900 214.24700 81.17080 380.57700 213.49200 448.76600 378.98400 504.02700 244.97500 235.66600 198.97000 188.46000 427.62400 310.15300 208.26800 222.69100 392.78000 334.40400 365.98900 247.94500 399.88100 293.80600 211.67500 451.90900 265.47500 309.93900 328.05900 321.87300 312.77400 165.92400 490.63000 293.93300 51.25750 361.73400 248.63500 288.00300 138.84300 321.01800 21.07190 408.61700 328.69600 362.14800 78.75850 243.23800 345.72700 385.43600 305.55700 271.64000 231.28600 378.42200 110.34600 227.96300 393.22800 265.15900 281.90000 255.65600 210.73800 42.84350 208.56200 151.67600 445.11000 223.61400 465.73600 124.03600 426.56000 226.75700 111.27900 178.91000 187.66100 98.44530 136.18600 383.80700 215.67100 219.22500 62.75960 249.49100 249.47500 54.94990 206.08000 345.72000 174.54700 282.92400 142.27500 236.17500 468.12300 352.89000 34.63580 229.60800 88.31450 133.73300 86.96360 313.62100 128.60500 399.22900 129.73100 52.53220 56.24650 117.27800 214.70000 205.04500 243.56200 145.02700 136.74800 426.28000 156.92200 338.61800 399.96100 303.59300 359.89000 446.42000 242.87900 309.65400 443.07800 341.87800 193.42300 327.54100 302.77600 391.31200 248.18400 323.85800 256.46800 85.46860 179.53400 420.27600 408.27600 249.98900 255.03700 280.87900 211.50600 420.36700 157.26500 264.81900 257.25100 402.17400 337.22300 250.96600 306.93100 170.32000 385.10500 69.78790 310.34200 263.04100 397.58000 387.37600 472.91000 115.55900 442.62900 248.13900 418.69100 107.51800 188.02900 129.72200 329.30400 436.68500 398.52800 215.45800 353.16900 381.81300 387.23200 173.42500 192.34800 328.92000 384.50800 116.37900 363.50500 312.55400 17.89080 238.52500 107.71400 264.80700 220.90000 215.37700 391.52700 392.37000 386.36800 318.38700 185.65500 216.25400 133.16800 205.00800 315.73100 82.74640 345.49100
39.51070 276.67400 279.37400 54.84210 311.58800 272.65200 288.28700 126.00200 305.32600 236.52100 310.88900 145.23300 0.00000 142.49900 123.42500 77.97770 250.63800 204.04200 186.04300 131.42000 397.05200 322.96700 445.53700 332.88700 483.93900 220.06800 134.02700 283.22800 210.86700 358.39900 199.21800 165.34800 160.30300 309.95600 303.96000 253.45200 286.77200 392.38400 224.17900 324.21400 342.53500 215.54400 183.37400 327.94000 227.59500 333.44300 32.34030 468.81800 287.73100 139.73000 326.03300 290.83300 353.81800 75.33510 361.53500 130.75200 417.18100 228.23700 259.79900 144.85400 249.31800 247.00300 329.40600 247.60400 356.88100 228.44100 252.65000 146.53400 209.82500 360.76300 270.34400 183.24300 124.59500 196.71600 175.52000 119.11300 35.17830 315.79200 105.77700 416.79700 140.45700 358.97500 152.20400 231.66400 149.10500 105.60000 241.34000 66.14370 240.57600 314.50100 304.71000 132.67600 112.78400 106.47700 155.02400 300.98100 321.34200 31.35260 141.61100 256.97000 117.51700 453.37000 256.20600 163.11500 249.21600 58.66070 41.38390 134.27000 193.08200 193.98200 307.90600 203.52300 167.36100 131.07100 234.46800 176.78500 59.94650 99.21590 55.89350 142.35600 398.40500 71.00720 330.90300 276.43000 165.30800 221.68700 427.56600 105.34100 226.98400 368.70700 199.69200 279.69600 361.83000 285.94000 268.91800 260.31800 335.49200 281.59400 197.64200 61.13740 408.65900 275.39200 322.77100 372.63100 137.71400 157.85400 351.93800 210.71600 123.06500 240.80100 405.41900 206.74600 156.22100 161.74800 155.54400 246.42800 118.21200 170.56200 370.35800 312.48200 285.07400 446.56600 243.82500 304.27100 129.10300 419.83200 157.34100 80.82910 156.90200 236.18800 392.42600 372.42100 77.79750 219.57800 282.98900 385.45100 297.95200 95.79860 325.14700 332.42300 233.82700 246.04600 289.36400 157.89300 120.50000 53.50950 315.03000 163.63200 210.19100 296.73900 286.89600 268.03200 237.02800 280.04100 277.77100 180.43800 97.18430 171.63300 84.96230 223.28300
150.47300 398.69900 338.91800 173.91900 374.57700 352.16000 407.55600 203.18300 402.47500 363.85000 450.81000 147.56900 142.49900 0.00000 227.18100 65.65950 385.13700 342.37700 310.27300 67.24210 507.36500 360.64400 566.59700 468.49800 612.66400 344.85000 276.41500 344.68200 311.30600 499.45900 340.59100 63.49950 84.57410 452.22200 433.80700 393.59500 381.17600 514.60000 363.69500 358.42500 482.40700 349.50700 319.64700 445.35500 370.08900 440.07800 174.65700 598.05000 406.89900 185.74500 458.22800 383.23100 431.22800 200.64800 456.83200 127.30400 532.03900 370.57900 401.78800 74.87970 360.91900 389.36600 467.60600 384.86500 418.40100 343.52000 387.00900 231.06200 331.10100 492.45600 383.30100 325.73900 173.78600 315.26500 139.65900 96.34000 114.23400 445.69300 134.36800 554.20000 236.13700 499.78600 95.46080 258.38900 270.90800 243.34000 230.31300 77.31830 350.11000 363.19800 365.47500 190.06400 245.57900 195.91500 196.32200 353.33200 449.27500 148.77800 264.57900 289.57500 259.14900 579.60900 398.63600 182.03200 353.49700 114.85600 170.89400 62.11350 331.90300 265.68100 450.39600 269.98500 198.60400 184.05700 264.65000 304.44100 175.43200 197.62100 188.95100 12.24900 529.03300 82.91530 451.97700 411.53300 291.68000 344.59200 555.14900 176.39400 368.70700 510.48700 315.47800 339.39200 461.06900 409.83800 404.84500 369.21600 447.12300 384.09100 232.70900 116.36700 532.95900 403.00900 394.26100 399.97400 256.15700 70.95240 492.83200 291.87700 247.04700 362.87800 522.77400 339.32100 298.36000 258.56700 270.81200 367.23800 185.35400 294.05300 410.07700 454.87900 426.88900 577.24400 260.48200 423.18900 151.73400 538.44700 54.85920 222.68100 32.14670 378.67600 528.30900 502.00200 158.55100 348.66800 425.18700 504.89700 317.68100 236.51400 444.24400 469.67800 263.73900 384.73500 416.01700 165.17500 143.93900 96.30450 402.84100 80.37210 325.36100 439.14500 428.20900 405.91800 378.70000 332.66600 356.63000 262.93200 113.22600 282.66600 167.51800 360.50200
88.50400 323.47800 163.51900 68.59410 192.74700 150.07400 180.59800 41.28840 183.29000 278.76300 249.38300 126.53900 123.42500 227.18100 0.00000 178.95300 172.56000 221.11000 88.95170 178.93300 281.72100 215.85200 339.48600 253.93600 387.81800 121.74300 128.20900 166.26000 88.63300 301.10800 199.82500 271.26200 273.54400 267.84000 212.16300 253.32400 163.97000 287.75200 168.30000 219.06500 334.64900 138.95500 212.72900 218.17500 202.05800 215.50500 116.14800 373.61500 179.92900 80.38090 238.59600 167.75000 230.75100 53.89710 239.44700 130.78100 305.25600 211.24100 244.11200 185.30900 134.05500 226.72200 259.23100 179.02100 237.25500 116.36600 275.49800 34.69520 106.08800 271.43000 156.33300 166.65500 244.94500 89.38730 169.34500 238.56400 154.71300 342.94700 229.19800 340.94600 19.41110 300.02400 269.06700 145.56800 52.37180 80.24430 185.35700 169.78300 309.51600 201.88800 187.00100 66.65100 173.93000 216.10400 88.39520 187.33300 225.60000 150.78300 211.32700 160.80400 142.07600 353.69900 232.78100 114.38600 129.17900 113.41500 83.04870 184.69500 210.31300 79.94940 276.14200 91.55950 103.18200 72.07890 144.76600 88.24400 167.79700 205.50300 75.34520 220.92800 306.34800 184.26200 225.13700 293.93500 223.09600 274.45200 330.02800 222.65300 186.45600 316.74500 266.87800 163.74700 240.86800 184.34000 284.68900 143.12300 220.77100 161.14200 114.66400 183.95500 306.56900 311.85000 201.05800 268.22200 214.91200 267.64200 293.84400 89.63530 196.83000 137.36400 295.64700 242.04300 136.88900 255.30700 45.57040 299.01700 56.75230 232.12700 259.35000 273.01800 268.46800 354.06000 163.24400 353.22700 252.29700 311.27100 211.27400 99.82510 225.01000 208.72200 312.53600 278.78300 197.04300 260.83100 261.62800 277.73600 205.22400 93.50980 217.14100 258.67700 144.50300 254.33200 192.05900 124.40700 243.84500 136.94200 191.65200 275.19500 98.30650 269.64500 274.76600 276.74600 194.57000 167.72800 155.23400 61.38300 219.69800 249.90200 59.90100 241.21800
93.65730 336.63500 313.07900 117.22200 347.90200 317.68500 355.83000 164.23200 360.83700 300.30700 388.45900 137.13700 77.97770 65.65950 178.95300 0.00000 325.85800 276.81300 255.46700 80.59000 460.44200 345.17800 514.68500 408.78800 556.92200 290.10900 211.92000 318.11300 266.87000 436.28900 275.00100 92.66920 95.62070 387.86600 377.07700 327.93800 340.51600 461.95500 301.53800 344.49700 416.77000 290.38500 254.28600 394.73200 305.25400 394.45700 109.69800 542.01700 355.21600 158.73800 400.35400 343.49700 398.86000 143.27800 416.56800 116.57200 483.05200 305.32300 336.31600 94.75080 312.31100 324.12100 406.37700 324.08000 393.08000 293.16000 322.06200 190.77500 277.83300 434.92300 334.30300 260.91200 127.80100 263.03000 148.83700 71.62200 48.63100 381.80000 90.89200 493.53100 191.51900 436.81100 94.33760 244.88800 216.62600 181.80600 233.43200 11.85520 291.19100 342.76900 339.63500 158.41800 180.44100 138.61700 172.41100 331.04600 393.56200 83.43910 201.29300 274.55500 193.66400 525.10500 333.47200 167.33000 308.06400 67.83820 110.85700 80.10220 266.29500 232.33900 385.36300 239.08500 179.51100 153.76700 249.81800 248.04100 111.46900 138.09900 128.51600 67.77930 472.13800 23.66250 399.63900 346.48900 227.94100 282.00400 499.90000 122.99100 304.95300 446.68400 254.45800 313.49500 419.02500 355.93200 339.65300 321.91300 399.23100 339.83400 214.11800 56.85440 479.33000 339.54400 364.07800 389.97300 193.72900 88.75380 429.79200 255.30000 183.34900 309.52600 472.54000 274.59200 234.19100 201.78500 219.25900 305.32300 149.06800 230.95100 394.56500 390.30700 361.35700 520.40600 251.75100 362.09600 114.09300 487.65600 94.65960 158.77000 85.91190 313.87400 468.52000 445.59800 100.36500 284.66900 359.80300 453.57600 309.44000 173.39000 392.81500 409.02000 248.99400 319.16300 360.80800 154.45000 104.67500 42.28020 365.42200 96.59320 274.74200 373.93300 362.58900 340.44400 314.99300 309.79200 322.52400 224.85400 70.28180 222.46100 122.95800 295.07400
234.66500 273.03400 241.70200 211.26700 247.98500 195.78400 84.47770 212.07700 162.27500 235.42900 80.35780 298.73200 250.63800 385.13700 172.56000 325.85800 0.00000 169.26300 84.87700 347.15200 187.14800 303.94800 207.60300 83.42220 235.04600 60.46430 134.15800 239.20400 138.60000 131.57100 138.81200 415.93500 410.07100 114.12400 59.06080 160.52600 162.44900 155.80400 45.97190 310.98600 208.30000 35.63170 182.82300 114.50000 99.89940 150.19200 223.48500 219.66800 84.58430 250.11200 76.12150 169.33900 238.12300 184.53700 198.98700 303.20600 193.82100 115.97500 132.99600 355.21700 102.35400 117.25400 86.70580 20.10270 275.42200 92.16030 206.22200 191.93100 77.97880 110.81000 100.80700 110.47800 335.50200 93.51010 341.36500 365.80600 285.51700 260.39000 339.06900 169.93600 175.66900 129.75700 400.21000 284.47600 120.53400 145.09100 340.79200 314.51000 294.86800 278.60400 249.52500 236.98200 209.62300 290.83900 254.36200 265.00200 79.09880 262.36100 234.41700 283.32900 165.86300 207.42300 115.54800 282.23600 125.58500 271.83900 215.12200 352.52800 165.41900 203.67400 132.74400 213.15500 267.23400 243.08300 279.93700 84.48930 258.07900 278.64400 197.34600 381.41800 148.85500 321.64600 105.76400 210.97000 224.86000 247.40500 180.57900 309.74100 72.31270 149.40000 262.79600 241.50900 188.94700 65.90980 202.30900 112.43200 136.95600 137.60200 264.52400 305.62300 167.10100 249.92900 234.70200 352.25800 245.72200 408.39200 124.20900 183.80900 232.64700 64.14820 177.90300 204.23700 113.78900 293.15600 128.57100 263.65400 229.07400 234.47300 327.71700 121.27000 146.85500 196.61500 303.67000 298.88900 355.44100 188.24400 379.35800 173.83900 389.56700 98.88820 143.20400 124.34300 294.50100 222.94500 135.77600 155.54500 322.47600 157.08400 107.39400 86.33200 280.17400 173.05400 57.54970 294.85400 349.96900 288.92500 191.68800 413.84400 97.25150 133.73000 157.22500 187.28500 70.38690 255.73000 198.89200 184.98400 339.39800 267.51400 227.57000 179.68500
217.09300 109.81500 363.05500 203.52900 381.62600 328.55100 251.00600 257.59700 317.80800 67.69310 172.67000 324.99900 204.04200 342.37700 221.11000 276.81300 169.26300 0.00000 186.27400 334.25200 356.23200 423.48200 366.66800 217.91200 375.28400 196.10600 92.98320 363.16800 254.76200 201.47600 30.73990 347.00800 330.96300 143.00600 223.91800 53.30380 310.83500 318.59600 123.41500 428.50900 140.37700 156.50000 25.73730 283.69500 73.84220 316.38700 172.45100 359.97900 250.95400 293.15900 229.50000 317.52900 390.85300 187.06900 362.97000 318.11400 360.64300 60.11240 73.75280 347.00200 249.16500 72.44400 199.87000 151.28400 418.60000 229.21600 54.46410 255.18400 203.33400 258.47900 257.82200 65.87680 221.91200 206.45600 364.26600 282.92100 228.18300 121.99800 243.16800 278.37700 237.28800 204.34200 315.92600 366.42500 186.67400 142.01100 403.70000 265.36800 125.97300 403.33100 379.71300 280.07700 98.31390 175.08200 304.97700 388.37100 243.81600 193.68400 95.75940 378.89800 89.63410 356.86300 81.82060 326.67400 266.62800 255.34600 194.21200 337.59200 11.39020 293.16600 128.28900 305.18900 320.21500 283.26800 365.15000 172.72300 170.05600 165.63500 180.45100 344.19500 293.71100 261.05800 274.66400 74.96330 72.72090 78.25470 329.89400 199.46600 98.44020 202.60700 98.42270 363.07600 354.75000 234.48700 66.42700 262.21000 305.25500 290.31800 335.72000 231.28300 325.21000 92.65740 377.03500 475.96600 108.68800 335.08000 197.50200 288.48800 106.28900 214.69900 343.94100 35.17350 87.55260 147.23000 203.77500 95.10890 265.46000 79.34850 459.22600 141.36500 93.70410 334.91200 384.32100 138.62500 249.33300 352.20700 361.31600 137.17200 360.27500 79.19920 265.15600 276.50100 198.77700 53.75690 97.08850 321.58600 423.15700 133.39700 276.65600 208.20100 364.95700 42.36100 226.79500 330.65200 247.89000 257.29900 343.19800 336.94200 220.76400 114.15500 91.18140 63.98910 103.88600 372.63700 333.05100 271.50300 253.74700 113.81300 242.63800 20.52530
161.87600 296.01700 179.44600 138.24800 195.59600 142.32400 102.43000 127.46400 139.40600 252.75500 164.08600 214.24700 186.04300 310.27300 88.95170 255.46700 84.87700 186.27400 0.00000 266.73700 213.34800 241.42300 259.76600 165.04800 302.40200 34.67780 109.43300 178.79600 69.67760 215.77900 157.73100 347.76900 345.70300 189.67100 124.15800 201.26200 128.05800 206.76700 92.28150 247.29800 270.58600 54.46850 188.52300 142.24100 140.70900 154.13900 164.98800 287.78100 101.89900 165.26600 149.98000 134.35000 207.65700 112.45400 191.88200 219.64500 231.59400 154.15700 183.02600 273.78600 71.69240 164.94700 171.41300 94.47410 232.47200 49.11650 236.22500 107.14400 24.77190 183.33000 88.93720 120.92300 290.71900 20.27000 256.74900 305.03600 221.02100 300.17400 285.54600 252.02700 90.80710 214.23200 338.23000 204.91400 39.37690 89.41890 258.12500 244.86100 299.97500 219.29200 194.15100 152.20700 182.86800 251.52700 169.56800 204.53700 139.01300 204.94600 216.48200 208.24100 138.75000 269.79500 168.16500 197.39300 83.21590 195.46300 146.16800 272.35100 177.88600 124.01900 202.65900 134.73100 182.64100 158.37500 201.21100 14.34160 209.72300 239.41700 130.15800 305.26300 219.12800 255.37400 144.91400 248.96600 217.20300 256.64200 244.96600 265.58200 117.60600 232.75100 260.83000 179.40100 187.96300 100.49300 239.52800 84.82650 152.28800 111.82700 182.07700 245.77400 223.86600 278.10500 191.01500 293.00200 224.77700 342.01100 208.43200 109.65300 208.12700 54.76160 219.44800 216.39200 101.64800 271.66100 43.93310 278.18600 144.83700 227.27700 274.00600 195.83000 204.20100 267.21500 224.14200 324.89100 305.46000 233.79000 299.10600 122.53000 311.33400 144.90600 223.59400 191.87800 244.94400 236.51600 195.15000 199.41300 250.25200 106.48400 139.16000 170.26400 201.32500 207.81400 105.76400 210.00700 298.46800 215.60800 160.68800 348.52100 35.55640 199.16700 212.63100 227.74400 123.07300 190.76900 146.78800 103.63300 281.44000 254.69500 146.63100 203.36200
120.79600 406.74100 273.82800 140.88500 309.52400 290.38000 358.29000 147.93600 344.37300 367.54300 418.79500 81.17080 131.42000 67.24210 178.93300 80.59000 347.15200 334.25200 266.73700 0.00000 452.39700 293.54800 516.05600 430.16900 566.58400 300.39400 255.60900 279.77700 256.66300 469.33700 326.47100 129.81300 147.55000 427.12000 390.74400 381.90500 322.64400 465.26400 332.54300 291.23800 470.73100 311.92300 314.44900 394.43400 348.65400 384.57800 161.97500 552.47200 357.59400 123.87200 416.69400 324.07900 367.88700 166.17700 397.37200 61.84240 478.74800 351.99000 384.80500 14.39540 309.08800 370.36000 432.54000 349.97500 352.77700 293.79500 383.88200 175.49500 285.01600 449.99200 331.50200 305.19600 208.36900 268.29200 74.41870 144.20500 117.91800 447.19500 170.94500 517.03700 183.94700 469.04300 154.76700 191.34200 227.91300 214.40800 164.48400 86.28740 365.97900 296.71400 300.22500 130.54700 244.06600 216.62100 132.63700 287.24700 404.52100 150.99700 270.79300 222.57800 245.66000 532.07000 378.85300 115.80400 298.90800 80.61510 144.14300 6.10907 323.09600 204.59700 428.97900 207.59900 133.17900 124.05900 197.71700 263.39300 182.32900 214.47700 161.18500 55.89690 485.23100 104.21400 402.87000 407.47200 295.76000 351.67600 508.76700 202.85900 342.42700 482.45900 327.11400 274.31600 402.73100 363.15600 399.77300 316.02100 393.51200 328.11500 166.63600 135.97600 484.65100 406.55500 330.27800 332.77700 265.13300 135.07100 462.36200 232.09100 252.27500 316.24900 470.76400 338.16500 275.40000 279.20800 224.36500 375.99700 129.21800 300.28500 342.93200 430.77000 410.37700 532.98900 193.24300 433.61800 193.25700 486.89500 32.37240 201.85000 49.54960 356.89900 489.53600 457.69700 178.69200 350.79900 406.90900 454.15900 250.50300 212.26500 394.20000 433.29600 196.79900 375.77700 370.98000 98.46360 184.08200 78.09900 342.13100 144.62400 276.29900 419.16700 413.37700 398.11400 352.05800 266.81500 294.62200 204.73500 149.80400 296.59100 120.12400 353.88500
